3,2
3,1
3,3
10,204
10,254
10,272
10,130
10,84
10,86
10,200
11,15
11,10
8,17
8,11
8,9
8,2
8,3
20,3
20,2
20,1
19,3
19,2
19,1
12,3
12,2
12,1
11,28
11,27
11,26
11,25
11,24
11,23
11,22
11,21
18,1
11,20
18,3
11,19
11,17
11,16
11,13
11,12
11,11
11,9
11,8
11,7
11,6
11,5
14,1
11,4
11,3
14,3
13,1
11,2
11,1
10,303
10,302
10,301
10,300
13,3
10,299
10,298
10,297
10,296
10,295
10,294
10,293
10,292
10,291
10,290
10,289
10,288
10,287
10,286
10,285
10,284
10,283
10,282
10,281
10,280
10,279
10,278
10,277
10,267
10,259
10,255
10,249
10,241
10,237
10,235
10,221
10,220
10,214
10,206
10,183
10,176
10,164
10,147
10,137
10,127
10,117
10,98
10,65
10,28
10,14
10,11
10,3
10,2
2,2
